                                                                                             (3)                                                                                                

                                              |                                                                                               |                                                 
                                                                                                                                             (5)                                                

                      |                                               |                                               |                                               |                         
                                                                                                                                                                     (8)                        

          |                       |                       |                       |                       |                       |                       |                       |             
                                                                                                                                                                                 (11)           

    |           |           |           |           |           |           |           |           |           |           |           |           |           |           |           |       
                                                                                                                                                                                       (19)     

 |     |     |     |     |     |     |     |     |     |     |     |     |     |     |     |     |     |     |     |     |     |     |     |     |     |     |     |     |     |     |     |    
                                                                                                                                                                                          (30)  

|  |  |  |  |  |  |  |  |  |  |  |  |  |  |  |  |  |  |  |  |  |  |  |  |  |  |  |  |  |  |  |  |  |  |  |  |  |  |  |  |  |  |  |  |  |  |  |  |  |  |  |  |  |  |  |  |  |  |  |  |  |  |  |  
                                                                                                                                                                                             (49) 

                                                                                             (49)                                                                                               

                                              |                                                                                               |                                                 
                                             (30)                                                                                                                                               

                      |                                               |                                               |                                               |                         
                     (19)                                                                                                                                                                       

          |                       |                       |                       |                       |                       |                       |                       |             
         (11)                                                                                                                                                                                   

    |           |           |           |           |           |           |           |           |           |           |           |           |           |           |           |       
   (8)                                                                                                                                                                                          

 |     |     |     |     |     |     |     |     |     |     |     |     |     |     |     |     |     |     |     |     |     |     |     |     |     |     |     |     |     |     |     |    
(5)                                                                                                                                                                                             

|  |  |  |  |  |  |  |  |  |  |  |  |  |  |  |  |  |  |  |  |  |  |  |  |  |  |  |  |  |  |  |  |  |  |  |  |  |  |  |  |  |  |  |  |  |  |  |  |  |  |  |  |  |  |  |  |  |  |  |  |  |  |  |  
(3)                                                                                                                                                                                              

